%YAML:1.0
---
calibration_time: "Tue Mar 22 20:26:30 2022"
image_width: 640
image_height: 480
flags: 0
camera_matrix: !!opencv-matrix
   rows: 3
   cols: 3
   dt: d
   data: [ 6.4656416908176789e+02, 0., 3.1923586386329151e+02, 0.,
       6.4834959706069117e+02, 2.4898261402185196e+02, 0., 0., 1. ]
distortion_coefficients: !!opencv-matrix
   rows: 1
   cols: 5
   dt: d
   data: [ 2.9046720476628176e-02, 1.4892516126526548e-01,
       2.4216957771802498e-04, 4.5838657693360796e-03,
       -3.7583939595849523e+00 ]
avg_reprojection_error: 1.1861003171550383e-01
